0 0.294071 0.207933 0.139423 0.088942
0 0.307292 0.273438 0.140224 0.075721
0 0.157853 0.088341 0.121795 0.066106
0 0.263221 0.379808 0.061699 0.156250
0 0.261218 0.537260 0.137821 0.170673
0 0.186699 0.500601 0.028846 0.207933
0 0.356571 0.624399 0.040064 0.215144
0 0.389824 0.468149 0.103365 0.159856
0 0.429087 0.648438 0.032853 0.171875
0 0.533253 0.557692 0.111378 0.062500
0 0.501202 0.454928 0.140224 0.056490
0 0.433093 0.364784 0.135417 0.044471
0 0.503606 0.265625 0.104968 0.105769
0 0.540865 0.269231 0.088141 0.137019
