0 0.673878 0.197716 0.112179 0.143029
0 0.765625 0.380409 0.108173 0.183894
0 0.747997 0.466346 0.148237 0.079327
0 0.529647 0.371995 0.041667 0.123798
0 0.549679 0.438101 0.129808 0.102163
0 0.620192 0.480769 0.043269 0.180288
0 0.659455 0.634615 0.141026 0.088942
0 0.707933 0.719952 0.156250 0.117788
0 0.519631 0.560096 0.157853 0.074519
0 0.445513 0.513221 0.070513 0.182692
0 0.550881 0.631611 0.140224 0.133413
0 0.437500 0.637019 0.112179 0.177885
0 0.414263 0.690505 0.057692 0.188702
0 0.320513 0.691707 0.099359 0.162260
0 0.413061 0.810096 0.103365 0.192308
0 0.555689 0.894231 0.092147 0.201923
0 0.597356 0.769231 0.151442 0.060096
0 0.649840 0.841947 0.145833 0.106971
0 0.665465 0.903245 0.133814 0.070913
