0 0.290465 0.316106 0.031250 0.144231
0 0.399439 0.301082 0.093750 0.094952
0 0.491987 0.198317 0.088141 0.050481
0 0.595753 0.156851 0.104968 0.046875
0 0.596955 0.176683 0.088141 0.052885
0 0.658253 0.231370 0.100160 0.058894
0 0.629006 0.282452 0.068910 0.115385
0 0.634615 0.330529 0.092949 0.093750
0 0.748798 0.415264 0.100160 0.094952
0 0.667067 0.539663 0.101763 0.060096
0 0.561699 0.572716 0.064103 0.116587
0 0.691506 0.730168 0.064103 0.159856
0 0.380609 0.521635 0.115385 0.096154
0 0.411859 0.456130 0.033654 0.131010
0 0.286458 0.608774 0.117788 0.042067
0 0.286058 0.704928 0.113782 0.049279
0 0.443510 0.770433 0.117788 0.093750
0 0.428686 0.823317 0.121795 0.043269
