0 0.330529 0.285457 0.084135 0.126202
0 0.300080 0.376202 0.104968 0.067308
0 0.361779 0.438702 0.063301 0.105769
0 0.420673 0.316106 0.083333 0.028846
0 0.426282 0.281851 0.099359 0.039663
0 0.452724 0.226562 0.046474 0.097356
0 0.507212 0.355168 0.040064 0.111779
0 0.268029 0.524639 0.040865 0.150240
0 0.296875 0.558293 0.082532 0.068510
0 0.379808 0.585938 0.076923 0.138221
0 0.318910 0.704327 0.068910 0.093750
0 0.423878 0.542067 0.056090 0.151442
0 0.488782 0.532452 0.102564 0.036058
0 0.529647 0.597356 0.108974 0.074519
0 0.455128 0.739183 0.099359 0.100962
0 0.407853 0.838341 0.115385 0.085337
0 0.390625 0.750000 0.056891 0.091346
0 0.606971 0.775841 0.023237 0.164663
0 0.686298 0.522837 0.087340 0.060096
