0 0.435897 0.087139 0.128205 0.058894
0 0.505609 0.146635 0.064103 0.153846
0 0.474359 0.233173 0.064103 0.204327
0 0.436298 0.157452 0.114583 0.048077
0 0.321314 0.331130 0.048077 0.164663
0 0.324119 0.404447 0.098558 0.171875
0 0.317708 0.453125 0.077724 0.125000
0 0.255208 0.548678 0.048878 0.128606
0 0.310497 0.572716 0.109776 0.092548
0 0.375000 0.628606 0.051282 0.168269
0 0.484375 0.709736 0.053686 0.186298
0 0.465144 0.816707 0.162660 0.073317
0 0.494391 0.918870 0.137821 0.087740
0 0.608574 0.905048 0.162660 0.055288
0 0.565304 0.816106 0.076122 0.163462
0 0.629006 0.779447 0.133013 0.094952
0 0.688301 0.843750 0.032051 0.168269
0 0.604567 0.690505 0.037660 0.133413
0 0.567308 0.609375 0.056090 0.199519
0 0.652244 0.594952 0.027244 0.122596
0 0.650641 0.650841 0.081731 0.183894
0 0.681490 0.613582 0.068109 0.159856
0 0.761218 0.522837 0.027244 0.144231
0 0.765224 0.783654 0.075321 0.158654
0 0.838542 0.640024 0.076122 0.133413
0 0.796474 0.710938 0.025641 0.169471
0 0.714343 0.262620 0.071314 0.150240
0 0.625801 0.215745 0.051282 0.212740
0 0.564503 0.462139 0.109776 0.138221
