0 0.248798 0.224760 0.088942 0.187500
0 0.288061 0.237981 0.039263 0.209135
0 0.315304 0.211538 0.053686 0.177885
0 0.393029 0.227764 0.056891 0.123798
0 0.386218 0.304688 0.092949 0.046875
0 0.399840 0.387620 0.032051 0.164663
0 0.581330 0.219351 0.129006 0.054087
0 0.198718 0.413462 0.110577 0.072115
0 0.332933 0.522236 0.028045 0.116587
0 0.421074 0.530048 0.040865 0.038462
0 0.519631 0.513822 0.111378 0.131010
0 0.549679 0.728966 0.097756 0.212740
0 0.500401 0.902043 0.082532 0.195913
0 0.322516 0.787861 0.140224 0.167067
0 0.717949 0.731370 0.040064 0.231971
