0 0.560096 0.087139 0.041667 0.171875
0 0.472356 0.099760 0.080929 0.096154
0 0.588942 0.187500 0.121795 0.040865
0 0.596554 0.307692 0.060096 0.204327
0 0.594551 0.470553 0.097756 0.169471
0 0.640625 0.429087 0.077724 0.163462
0 0.773237 0.565505 0.141026 0.094952
0 0.554087 0.839543 0.077724 0.075721
0 0.447115 0.738582 0.142628 0.128606
0 0.477564 0.606370 0.107372 0.140625
0 0.370994 0.448317 0.136218 0.062500
0 0.339343 0.378606 0.141827 0.050481
0 0.307692 0.480769 0.070513 0.165865
0 0.223157 0.453726 0.042468 0.186298
