0 0.415064 0.210938 0.076923 0.179087
0 0.502003 0.195312 0.138622 0.044471
0 0.629808 0.195312 0.052885 0.183894
0 0.367388 0.335337 0.092147 0.074519
0 0.347356 0.360577 0.031250 0.141827
0 0.311699 0.320312 0.032051 0.210337
0 0.650240 0.360577 0.060096 0.187500
0 0.652244 0.421875 0.125000 0.088942
0 0.707933 0.454327 0.080929 0.168269
0 0.756410 0.528846 0.133013 0.081731
0 0.767628 0.418269 0.044872 0.175481
0 0.731170 0.315505 0.048878 0.203125
0 0.429087 0.460938 0.106571 0.145433
0 0.639022 0.479567 0.140224 0.165865
0 0.637821 0.659255 0.153846 0.078125
0 0.682292 0.780048 0.042468 0.185096
0 0.729567 0.732572 0.039263 0.210337
0 0.576122 0.747596 0.134615 0.067308
0 0.581330 0.796875 0.154647 0.069712
0 0.490785 0.769231 0.137019 0.055288
0 0.346554 0.743389 0.122596 0.152644
0 0.476763 0.646635 0.040064 0.218750
0 0.500401 0.593750 0.042468 0.206731
0 0.545673 0.588942 0.083333 0.192308
