0 0.617388 0.152644 0.084135 0.139423
0 0.540865 0.135817 0.120192 0.093750
0 0.551683 0.225361 0.103365 0.090144
0 0.591346 0.327524 0.084936 0.138221
0 0.403846 0.187500 0.080128 0.108173
0 0.378205 0.170072 0.123397 0.051683
0 0.364183 0.235577 0.104968 0.103365
0 0.451522 0.257812 0.071314 0.171875
0 0.396234 0.320312 0.069712 0.135817
0 0.389423 0.432091 0.084936 0.104567
0 0.290465 0.439303 0.090545 0.051683
0 0.291266 0.525841 0.112981 0.056490
0 0.254006 0.630409 0.051282 0.128606
0 0.489183 0.606370 0.137019 0.080529
0 0.543269 0.602163 0.128205 0.062500
0 0.405449 0.725361 0.116987 0.073317
0 0.375401 0.831130 0.120994 0.078125
0 0.642228 0.638221 0.084135 0.105769
0 0.600561 0.513221 0.031250 0.170673
