0 0.532452 0.108774 0.042468 0.159856
0 0.447516 0.145433 0.052083 0.163462
0 0.387019 0.389423 0.097756 0.064904
0 0.572516 0.338341 0.052083 0.123798
0 0.465545 0.643029 0.070513 0.187500
0 0.336138 0.861779 0.060096 0.098558
0 0.659856 0.626202 0.092147 0.149038
0 0.652244 0.754207 0.147436 0.094952
0 0.673077 0.876202 0.084936 0.038462
0 0.764824 0.696514 0.129006 0.102163
0 0.775641 0.561298 0.086538 0.050481
0 0.808494 0.499399 0.107372 0.042067
0 0.852564 0.373197 0.081731 0.143029
0 0.788462 0.392428 0.125000 0.054087
