0 0.391026 0.260817 0.123397 0.108173
0 0.495593 0.190505 0.098558 0.102163
0 0.331330 0.361779 0.117788 0.112981
0 0.296074 0.556490 0.095353 0.043269
0 0.358974 0.789062 0.092949 0.099760
0 0.574519 0.371394 0.048077 0.173077
0 0.626202 0.359375 0.080929 0.120192
0 0.506010 0.396635 0.114583 0.098558
0 0.496795 0.484375 0.073718 0.122596
0 0.629808 0.492188 0.056090 0.133413
0 0.660256 0.620793 0.038462 0.171875
0 0.632212 0.664663 0.044872 0.151442
0 0.806891 0.363582 0.086538 0.102163
0 0.679487 0.173678 0.056090 0.051683
