0 0.439904 0.145433 0.086538 0.050481
0 0.415865 0.198918 0.102564 0.049279
0 0.469551 0.242188 0.107372 0.042067
0 0.553285 0.189303 0.064904 0.092548
0 0.600561 0.165264 0.132212 0.054087
0 0.496394 0.306490 0.072917 0.069712
0 0.532452 0.292067 0.092147 0.084135
0 0.461939 0.397236 0.055288 0.135817
0 0.374199 0.398438 0.043269 0.183894
0 0.332532 0.309495 0.081731 0.121394
0 0.297276 0.458534 0.032051 0.159856
0 0.358974 0.666466 0.086538 0.126202
0 0.492788 0.563101 0.133013 0.039663
0 0.674679 0.621995 0.118590 0.126202
0 0.798878 0.565505 0.094551 0.102163
0 0.805689 0.608173 0.079327 0.141827
0 0.528846 0.846154 0.107372 0.062500
