0 0.318910 0.178486 0.052885 0.138221
0 0.279247 0.253005 0.109776 0.039663
0 0.227564 0.264423 0.027244 0.100962
0 0.223558 0.366587 0.097756 0.105769
0 0.295272 0.478966 0.056891 0.174279
0 0.253606 0.606370 0.145032 0.061298
0 0.287260 0.715144 0.068109 0.199519
0 0.417067 0.891226 0.100160 0.042067
0 0.450721 0.792067 0.076122 0.151442
0 0.627003 0.848558 0.039263 0.108173
0 0.555689 0.790865 0.125801 0.079327
0 0.518029 0.670072 0.082532 0.193510
0 0.533654 0.701322 0.041667 0.131010
0 0.598157 0.597356 0.114583 0.084135
0 0.624199 0.477764 0.076923 0.150240
0 0.478766 0.445913 0.060096 0.153846
0 0.548878 0.435697 0.038462 0.203125
0 0.569311 0.330529 0.092147 0.161058
0 0.501603 0.249399 0.043269 0.186298
0 0.666266 0.251803 0.084135 0.061298
0 0.588141 0.125000 0.084936 0.038462
