0 0.542468 0.133413 0.086538 0.110577
0 0.654647 0.311298 0.072115 0.129808
0 0.602564 0.367788 0.024038 0.129808
0 0.629407 0.445913 0.042468 0.156250
0 0.512821 0.287260 0.116987 0.060096
0 0.493189 0.317308 0.061699 0.024038
0 0.524038 0.419471 0.054487 0.153846
0 0.600962 0.781851 0.094551 0.104567
0 0.362580 0.621995 0.109776 0.078125
0 0.221955 0.705529 0.052885 0.122596
0 0.395433 0.445312 0.093750 0.094952
0 0.203526 0.499399 0.028846 0.152644
0 0.238381 0.419471 0.024840 0.173077
0 0.301683 0.350361 0.068109 0.123798
0 0.283654 0.284255 0.088141 0.085337
0 0.243590 0.240385 0.083333 0.091346
0 0.249599 0.330529 0.112981 0.093750
