0 0.699920 0.241587 0.084135 0.103365
0 0.623397 0.322716 0.083333 0.092548
0 0.558894 0.212740 0.021635 0.139423
0 0.520433 0.191707 0.055288 0.128606
0 0.393830 0.364784 0.068109 0.191106
0 0.534054 0.454327 0.114583 0.038462
0 0.598558 0.528846 0.080128 0.100962
0 0.581330 0.665264 0.048878 0.143029
0 0.553285 0.871394 0.069712 0.149038
0 0.407051 0.792067 0.102564 0.057692
0 0.644231 0.766226 0.041667 0.164663
0 0.705929 0.736779 0.084936 0.069712
0 0.787260 0.661058 0.023237 0.139423
0 0.665865 0.609375 0.038462 0.096154
0 0.692708 0.568510 0.071314 0.100962
0 0.739183 0.478966 0.109776 0.056490
