0 0.577724 0.167067 0.040064 0.139423
0 0.358974 0.337740 0.065705 0.129808
0 0.497596 0.421274 0.099359 0.097356
0 0.408253 0.400240 0.112981 0.045673
0 0.399439 0.454327 0.080929 0.086538
0 0.279647 0.490385 0.129808 0.055288
0 0.385417 0.600361 0.099359 0.126202
0 0.257612 0.688702 0.077724 0.170673
0 0.446314 0.660457 0.028846 0.174279
0 0.523638 0.706130 0.055288 0.106971
0 0.473958 0.865986 0.037660 0.179087
0 0.645032 0.643029 0.048077 0.105769
0 0.677484 0.670673 0.034455 0.182692
0 0.733974 0.706731 0.099359 0.144231
