0 0.612179 0.212740 0.136218 0.074519
0 0.697115 0.310697 0.080128 0.073317
0 0.636218 0.333534 0.046474 0.118990
0 0.802885 0.452524 0.036859 0.171875
0 0.773638 0.516226 0.023237 0.147837
0 0.787660 0.617788 0.073718 0.069712
0 0.632212 0.461538 0.113782 0.096154
0 0.541667 0.513221 0.076923 0.175481
0 0.539263 0.490986 0.073718 0.164663
0 0.488782 0.492188 0.059295 0.092548
0 0.528846 0.718750 0.032051 0.177885
0 0.539663 0.898438 0.103365 0.090144
0 0.451923 0.671274 0.126603 0.140625
0 0.330929 0.706731 0.043269 0.110577
0 0.465144 0.268029 0.032853 0.204327
0 0.350561 0.428486 0.082532 0.051683
0 0.282853 0.521635 0.027244 0.161058
0 0.254407 0.575120 0.056891 0.128606
0 0.246394 0.482572 0.047276 0.152644
0 0.334135 0.277644 0.041667 0.153846
0 0.368189 0.196514 0.088942 0.058894
