0 0.466346 0.115986 0.092949 0.056490
0 0.342147 0.037260 0.032051 0.072115
0 0.397035 0.206731 0.029647 0.213942
0 0.431090 0.276442 0.033654 0.165865
0 0.471554 0.241587 0.052083 0.194712
0 0.378205 0.295673 0.033654 0.132212
0 0.356571 0.289062 0.030449 0.138221
0 0.296875 0.309495 0.052083 0.090144
0 0.297276 0.363582 0.027244 0.126202
0 0.420673 0.411659 0.065705 0.138221
0 0.470353 0.418269 0.094551 0.112981
0 0.497997 0.456130 0.117788 0.140625
0 0.437500 0.527644 0.134615 0.069712
0 0.442708 0.574519 0.116186 0.040865
0 0.360978 0.556490 0.060096 0.132212
0 0.356170 0.574519 0.023237 0.110577
0 0.340144 0.540264 0.039263 0.164663
0 0.294872 0.548077 0.073718 0.182692
0 0.320513 0.628606 0.133013 0.062500
0 0.365385 0.713341 0.115385 0.058894
0 0.417468 0.746394 0.086538 0.161058
0 0.454728 0.809495 0.082532 0.042067
0 0.538462 0.786659 0.040064 0.207933
0 0.549679 0.950721 0.104167 0.043269
0 0.690705 0.853365 0.049679 0.163462
0 0.593349 0.593750 0.036058 0.165865
0 0.620994 0.508413 0.035256 0.156250
0 0.655849 0.402043 0.055288 0.159856
0 0.718750 0.605769 0.049679 0.127404
0 0.777644 0.542067 0.044071 0.189904
0 0.812500 0.451322 0.025641 0.183894
0 0.690705 0.324519 0.104167 0.067308
0 0.569311 0.323317 0.080929 0.050481
0 0.627003 0.253005 0.090545 0.063702
0 0.592147 0.212139 0.131410 0.090144
0 0.668670 0.209135 0.055288 0.064904
0 0.534856 0.243389 0.117788 0.066106
0 0.532051 0.250601 0.032051 0.150240
0 0.612981 0.170072 0.083333 0.063702
0 0.559696 0.126202 0.109776 0.050481
