0 0.570513 0.121995 0.133013 0.044471
0 0.485176 0.195913 0.103365 0.125000
0 0.426683 0.237380 0.080929 0.104567
0 0.419471 0.337139 0.042468 0.159856
0 0.543269 0.355769 0.133013 0.076923
0 0.697115 0.200721 0.068910 0.134615
0 0.788462 0.347957 0.048077 0.159856
0 0.716747 0.368990 0.047276 0.187500
0 0.738381 0.445312 0.040865 0.171875
0 0.709135 0.503005 0.035256 0.186298
0 0.680689 0.490385 0.058494 0.161058
0 0.645833 0.438702 0.057692 0.185096
0 0.605769 0.500601 0.092949 0.116587
0 0.581330 0.496394 0.079327 0.100962
0 0.594151 0.573317 0.080929 0.161058
0 0.518429 0.518029 0.108974 0.120192
0 0.481170 0.582332 0.079327 0.104567
0 0.413462 0.718750 0.040064 0.209135
0 0.652644 0.808894 0.066506 0.141827
0 0.693510 0.733173 0.090545 0.091346
