0 0.374599 0.087139 0.098558 0.085337
0 0.345353 0.169471 0.110577 0.081731
0 0.308093 0.230168 0.111378 0.066106
0 0.229968 0.315505 0.041667 0.181490
0 0.261619 0.391827 0.122596 0.091346
0 0.355369 0.302284 0.034455 0.183894
0 0.390224 0.277644 0.064103 0.137019
0 0.491987 0.207332 0.032051 0.171875
0 0.498397 0.293870 0.121795 0.054087
0 0.558093 0.326322 0.082532 0.145433
0 0.629808 0.351562 0.046474 0.200721
0 0.687500 0.265625 0.051282 0.177885
0 0.692308 0.230769 0.046474 0.165865
0 0.693109 0.641827 0.038462 0.201923
0 0.406250 0.484976 0.078526 0.150240
0 0.357372 0.534856 0.072115 0.151442
0 0.239183 0.525240 0.146635 0.043269
0 0.267628 0.685096 0.084936 0.137019
0 0.323317 0.789062 0.031250 0.212740
