0 0.368990 0.442308 0.122596 0.115385
0 0.402644 0.495793 0.047276 0.164663
0 0.471154 0.478365 0.038462 0.211538
0 0.503606 0.370793 0.023237 0.133413
0 0.445112 0.625000 0.042468 0.225962
0 0.481571 0.643630 0.121795 0.042067
0 0.366987 0.645433 0.081731 0.057692
0 0.387821 0.804688 0.040064 0.198317
0 0.550080 0.799279 0.074519 0.163462
0 0.602163 0.445913 0.045673 0.165865
0 0.593349 0.546875 0.029647 0.108173
0 0.619792 0.603365 0.138622 0.055288
0 0.655849 0.633413 0.135417 0.098558
0 0.661058 0.739183 0.121795 0.079327
