0 0.626603 0.176683 0.073718 0.158654
0 0.668670 0.107572 0.120994 0.044471
0 0.720753 0.139423 0.106571 0.055288
0 0.743990 0.186298 0.146635 0.074519
0 0.617388 0.296274 0.048878 0.191106
0 0.716346 0.339543 0.062500 0.109375
0 0.621795 0.408053 0.110577 0.044471
0 0.644231 0.527644 0.121795 0.141827
0 0.483574 0.493389 0.079327 0.174279
0 0.470353 0.646635 0.092949 0.134615
0 0.536458 0.707933 0.031250 0.194712
0 0.751202 0.813702 0.064904 0.213942
0 0.778846 0.807091 0.080128 0.152644
0 0.925481 0.628606 0.052885 0.185096
0 0.637019 0.935697 0.145833 0.075721
