0 0.467147 0.141827 0.104167 0.088942
0 0.558894 0.326923 0.068109 0.153846
0 0.335337 0.513221 0.080929 0.125000
0 0.603766 0.427885 0.047276 0.129808
0 0.623397 0.444712 0.059295 0.185096
0 0.604567 0.559495 0.098558 0.090144
0 0.572115 0.609375 0.088141 0.091346
0 0.625000 0.667067 0.125000 0.081731
0 0.677484 0.500601 0.106571 0.044471
0 0.676683 0.414663 0.026442 0.153846
0 0.721154 0.360577 0.088141 0.146635
0 0.737981 0.311298 0.105769 0.081731
0 0.790064 0.451322 0.067308 0.171875
0 0.798077 0.582933 0.068910 0.146635
0 0.758013 0.693510 0.051282 0.158654
0 0.744792 0.777043 0.101763 0.106971
0 0.687099 0.856370 0.032853 0.164663
0 0.588942 0.938702 0.088141 0.122596
