0 0.698718 0.147236 0.049679 0.212740
0 0.545272 0.143630 0.111378 0.128606
0 0.673878 0.380409 0.126603 0.109375
0 0.496394 0.402043 0.056891 0.219952
0 0.417869 0.352163 0.130609 0.050481
0 0.340144 0.335337 0.028045 0.197115
0 0.301683 0.364784 0.047276 0.164663
0 0.321715 0.470553 0.124199 0.073317
0 0.296875 0.572716 0.044071 0.198317
0 0.356571 0.502404 0.097756 0.151442
0 0.435897 0.492188 0.067308 0.188702
0 0.519231 0.580529 0.139423 0.079327
0 0.489183 0.637019 0.138622 0.108173
0 0.366587 0.701322 0.044071 0.198317
0 0.435096 0.781851 0.134615 0.049279
0 0.522035 0.787260 0.106571 0.175481
0 0.664263 0.816707 0.144231 0.075721
