0 0.404647 0.164663 0.067308 0.144231
0 0.355769 0.185096 0.036859 0.108173
0 0.426282 0.335938 0.125000 0.056490
0 0.423478 0.469351 0.133814 0.054087
0 0.359776 0.521034 0.083333 0.162260
0 0.385417 0.784255 0.033654 0.198317
0 0.306891 0.743389 0.110577 0.114183
0 0.526042 0.061899 0.129006 0.056490
0 0.645032 0.144832 0.126603 0.183894
0 0.666266 0.257212 0.103365 0.165865
0 0.644231 0.452524 0.125000 0.087740
0 0.669071 0.585337 0.099359 0.163462
0 0.558494 0.495192 0.046474 0.151442
0 0.584535 0.570312 0.135417 0.085337
0 0.536458 0.626803 0.060096 0.195913
0 0.552083 0.728966 0.067308 0.116587
0 0.554888 0.786058 0.084135 0.173077
0 0.500000 0.879207 0.116987 0.051683
