0 0.435897 0.109375 0.113782 0.134615
0 0.262019 0.276442 0.054487 0.170673
0 0.330929 0.168269 0.048077 0.175481
0 0.230769 0.518630 0.028846 0.152644
0 0.254006 0.597356 0.121795 0.112981
0 0.253205 0.730769 0.104167 0.120192
0 0.455529 0.523438 0.036058 0.195913
0 0.453526 0.641226 0.105769 0.090144
0 0.403846 0.698317 0.139423 0.048077
0 0.474760 0.823317 0.072917 0.168269
0 0.631010 0.709135 0.148237 0.062500
0 0.500000 0.304087 0.040064 0.218750
0 0.551282 0.328125 0.094551 0.149038
0 0.701923 0.400841 0.123397 0.131010
0 0.777244 0.381010 0.152244 0.086538
0 0.645833 0.293269 0.125000 0.081731
0 0.752003 0.320913 0.124199 0.088942
0 0.754808 0.243990 0.096154 0.177885
0 0.790064 0.275240 0.091346 0.206731
0 0.636619 0.163462 0.056891 0.194712
