0 0.556490 0.065505 0.068109 0.128606
0 0.539263 0.165865 0.096154 0.081731
0 0.456731 0.226562 0.048077 0.198317
0 0.315304 0.498798 0.092147 0.151442
0 0.471554 0.521034 0.052083 0.183894
0 0.413462 0.578125 0.157051 0.064904
0 0.544872 0.714543 0.075321 0.111779
0 0.589343 0.775841 0.132212 0.061298
0 0.588141 0.878606 0.046474 0.199519
0 0.367388 0.759014 0.146635 0.073317
0 0.637019 0.577524 0.131410 0.145433
0 0.725962 0.681490 0.028846 0.182692
0 0.727564 0.798678 0.128205 0.094952
0 0.859776 0.652043 0.048077 0.179087
0 0.875401 0.480769 0.036058 0.175481
0 0.808494 0.404447 0.126603 0.116587
