0 0.322917 0.369591 0.133013 0.131010
0 0.268029 0.456731 0.040865 0.168269
0 0.499199 0.457332 0.121795 0.094952
0 0.635016 0.634014 0.114583 0.143029
0 0.672276 0.705529 0.144231 0.120192
0 0.641426 0.817308 0.039263 0.175481
0 0.724359 0.606370 0.052885 0.183894
0 0.806090 0.390625 0.096154 0.115385
0 0.627804 0.369591 0.069712 0.169471
0 0.744391 0.303486 0.139423 0.046875
0 0.659856 0.245793 0.130609 0.126202
0 0.635016 0.234375 0.101763 0.096154
0 0.608974 0.138822 0.120192 0.063702
0 0.451923 0.227163 0.060897 0.050481
