0 0.356571 0.240385 0.089744 0.108173
0 0.527644 0.199519 0.074519 0.168269
0 0.544872 0.092548 0.048077 0.105769
0 0.620994 0.115385 0.123397 0.067308
0 0.600561 0.241587 0.092147 0.144231
0 0.659054 0.230168 0.079327 0.135817
0 0.798878 0.351562 0.048077 0.152644
0 0.796074 0.552885 0.114583 0.091346
0 0.963141 0.538462 0.073718 0.062500
0 0.631410 0.439303 0.051282 0.167067
0 0.676683 0.685697 0.039263 0.203125
0 0.635817 0.893029 0.106571 0.100962
0 0.594952 0.751803 0.101763 0.121394
0 0.552484 0.506010 0.048878 0.158654
0 0.528846 0.607572 0.116987 0.078125
0 0.510817 0.755409 0.112981 0.128606
0 0.522035 0.902644 0.044071 0.149038
0 0.459936 0.880409 0.062500 0.195913
0 0.420673 0.774038 0.040064 0.139423
0 0.457933 0.573317 0.082532 0.074519
0 0.387821 0.610577 0.059295 0.189904
0 0.375401 0.733173 0.034455 0.175481
0 0.354167 0.810096 0.025641 0.129808
0 0.306490 0.766226 0.088942 0.183894
0 0.280048 0.649639 0.048878 0.162260
0 0.252804 0.644231 0.034455 0.199519
