0 0.421474 0.206130 0.083333 0.123798
0 0.524840 0.254808 0.128205 0.069712
0 0.679087 0.277043 0.092147 0.123798
0 0.820112 0.315505 0.129006 0.054087
0 0.573718 0.362981 0.054487 0.137019
0 0.651042 0.429087 0.044071 0.197115
0 0.704728 0.427284 0.037660 0.186298
0 0.869391 0.477163 0.033654 0.197115
0 0.776843 0.586538 0.080929 0.103365
0 0.781651 0.688101 0.050481 0.135817
0 0.691106 0.597957 0.106571 0.046875
0 0.560497 0.737380 0.080929 0.099760
0 0.522837 0.713942 0.045673 0.216346
0 0.487179 0.545673 0.027244 0.199519
0 0.362981 0.476562 0.064103 0.152644
