0 0.371394 0.656250 0.090545 0.151442
0 0.412260 0.493990 0.127404 0.076923
0 0.295272 0.379207 0.068109 0.066106
0 0.336538 0.396635 0.027244 0.177885
0 0.387019 0.312500 0.128205 0.064904
0 0.361779 0.254808 0.132212 0.098558
0 0.441907 0.344952 0.068109 0.175481
0 0.485176 0.350361 0.055288 0.164663
0 0.523237 0.310697 0.060897 0.147837
0 0.489583 0.251803 0.125000 0.058894
0 0.510016 0.620793 0.048878 0.205529
0 0.552484 0.593750 0.028045 0.201923
0 0.601763 0.513221 0.070513 0.146635
0 0.495994 0.149038 0.112179 0.108173
0 0.589744 0.193510 0.131410 0.067308
0 0.716346 0.150841 0.043269 0.176683
0 0.642628 0.708534 0.096154 0.155048
0 0.757612 0.505409 0.104968 0.159856
0 0.823718 0.388221 0.112179 0.100962
