0 0.455128 0.131010 0.108974 0.062500
0 0.615385 0.150841 0.094551 0.167067
0 0.635016 0.279447 0.031250 0.133413
0 0.778045 0.347356 0.025641 0.105769
0 0.510016 0.250601 0.080929 0.167067
0 0.499599 0.314904 0.076122 0.161058
0 0.518429 0.434495 0.064103 0.164663
0 0.491987 0.441106 0.059295 0.125000
0 0.589343 0.529447 0.116186 0.085337
0 0.653045 0.489784 0.089744 0.126202
0 0.637019 0.475962 0.094551 0.134615
0 0.708333 0.565505 0.078526 0.191106
0 0.755208 0.633413 0.068109 0.134615
0 0.710737 0.668269 0.089744 0.194712
0 0.632212 0.609375 0.091346 0.093750
0 0.687500 0.643630 0.036859 0.219952
0 0.618590 0.868389 0.128205 0.054087
0 0.449119 0.742788 0.064904 0.209135
0 0.390224 0.835337 0.033654 0.144231
0 0.371394 0.750601 0.069712 0.231971
0 0.750401 0.803486 0.063301 0.054087
