0 0.272035 0.320312 0.050481 0.188702
0 0.287260 0.466346 0.140224 0.072115
0 0.288061 0.588341 0.063301 0.162260
0 0.367788 0.598558 0.067308 0.137019
0 0.438702 0.858173 0.143429 0.074519
0 0.522837 0.785457 0.052083 0.167067
0 0.450321 0.470553 0.040064 0.191106
0 0.370994 0.256010 0.033654 0.161058
0 0.469551 0.207933 0.110577 0.084135
0 0.515625 0.314904 0.052083 0.158654
0 0.516426 0.436899 0.056891 0.176683
0 0.558093 0.477163 0.045673 0.189904
0 0.635016 0.277644 0.122596 0.093750
0 0.616186 0.377404 0.041667 0.192308
0 0.797676 0.591346 0.061699 0.163462
