0 0.391026 0.274038 0.060897 0.132212
0 0.347356 0.309495 0.079327 0.054087
0 0.422276 0.350361 0.125000 0.039663
0 0.476763 0.448317 0.126603 0.153846
0 0.360978 0.453125 0.111378 0.096154
0 0.332532 0.526442 0.089744 0.062500
0 0.338141 0.625000 0.084936 0.173077
0 0.385016 0.829928 0.032853 0.227163
0 0.443510 0.747596 0.138622 0.048077
0 0.493590 0.731971 0.126603 0.038462
0 0.482772 0.652043 0.092147 0.058894
0 0.479968 0.535457 0.126603 0.104567
0 0.588942 0.573317 0.112179 0.117788
0 0.566506 0.489784 0.113782 0.056490
0 0.617388 0.209135 0.127404 0.050481
0 0.646234 0.731370 0.077724 0.061298
0 0.671474 0.819712 0.035256 0.185096
0 0.808894 0.429087 0.088942 0.180288
