0 0.432292 0.706130 0.116186 0.109375
0 0.648638 0.837139 0.088942 0.162260
0 0.682692 0.707933 0.142628 0.084135
0 0.676282 0.600962 0.075321 0.185096
0 0.599760 0.577524 0.092147 0.078125
0 0.575721 0.531851 0.109776 0.090144
0 0.602163 0.442308 0.101763 0.048077
0 0.588141 0.382812 0.107372 0.056490
0 0.558093 0.326923 0.143429 0.060096
0 0.689904 0.407452 0.068910 0.149038
0 0.727965 0.503606 0.095353 0.127404
0 0.792869 0.528846 0.129006 0.072115
0 0.797276 0.516226 0.056090 0.082933
0 0.753606 0.358173 0.074519 0.165865
0 0.667869 0.254207 0.127404 0.051683
