0 0.719551 0.159255 0.030449 0.138221
0 0.763622 0.210337 0.065705 0.127404
0 0.784054 0.336538 0.058494 0.182692
0 0.637019 0.339543 0.028846 0.195913
0 0.581330 0.329327 0.040865 0.199519
0 0.528446 0.358774 0.108173 0.116587
0 0.387019 0.495192 0.116987 0.096154
0 0.487580 0.486178 0.053686 0.167067
0 0.592949 0.481370 0.110577 0.099760
0 0.558494 0.589543 0.092949 0.128606
0 0.544071 0.650240 0.035256 0.182692
0 0.658253 0.569111 0.068109 0.164663
0 0.666266 0.669471 0.024840 0.199519
0 0.758814 0.642428 0.065705 0.181490
