0 0.339744 0.598558 0.033654 0.132212
0 0.393830 0.562500 0.104968 0.043269
0 0.373798 0.774038 0.074519 0.026442
0 0.532452 0.793870 0.074519 0.176683
0 0.600561 0.719952 0.058494 0.194712
0 0.661458 0.749399 0.106571 0.080529
0 0.656651 0.648438 0.063301 0.159856
0 0.649038 0.618389 0.052885 0.174279
0 0.611378 0.558293 0.040064 0.147837
0 0.634215 0.486178 0.066506 0.104567
0 0.559295 0.546274 0.033654 0.207933
0 0.495593 0.546875 0.034455 0.213942
0 0.674679 0.922476 0.070513 0.042067
0 0.752003 0.831130 0.101763 0.118990
0 0.729167 0.650841 0.113782 0.099760
0 0.727965 0.542668 0.092147 0.155048
0 0.778045 0.469351 0.150641 0.085337
0 0.850561 0.602163 0.040865 0.137019
0 0.470753 0.212139 0.077724 0.147837
0 0.555288 0.156250 0.083333 0.038462
0 0.578125 0.221154 0.130609 0.086538
