0 0.301282 0.370793 0.121795 0.037260
0 0.353365 0.412861 0.094551 0.152644
0 0.379407 0.445913 0.116186 0.144231
0 0.530849 0.373798 0.076122 0.064904
0 0.482772 0.309495 0.055288 0.150240
0 0.532051 0.158654 0.028846 0.158654
0 0.399038 0.758413 0.096154 0.079327
0 0.481571 0.798077 0.036859 0.225962
0 0.551282 0.915865 0.142628 0.060096
0 0.563301 0.790264 0.100962 0.073317
0 0.649840 0.858173 0.165064 0.050481
0 0.640625 0.758413 0.036058 0.175481
0 0.600160 0.648438 0.121795 0.046875
0 0.709535 0.702524 0.063301 0.219952
0 0.724359 0.580529 0.080128 0.036058
0 0.811298 0.655649 0.080929 0.167067
0 0.813301 0.624399 0.068910 0.164663
0 0.834535 0.498798 0.104968 0.079327
0 0.699519 0.415865 0.099359 0.125000
0 0.763221 0.320312 0.111378 0.080529
0 0.830128 0.375601 0.040064 0.186298
0 0.738381 0.284856 0.045673 0.175481
0 0.716747 0.200120 0.029647 0.131010
