0 0.340946 0.894231 0.058494 0.122596
0 0.290865 0.739784 0.049679 0.210337
0 0.467548 0.767428 0.100160 0.169471
0 0.487179 0.604567 0.125000 0.093750
0 0.483974 0.497596 0.040064 0.187500
0 0.427484 0.512019 0.042468 0.197115
0 0.400641 0.519832 0.046474 0.167067
0 0.306891 0.406250 0.116987 0.112981
0 0.282051 0.464543 0.049679 0.181490
0 0.473958 0.341947 0.060096 0.176683
0 0.568910 0.257812 0.075321 0.179087
0 0.657452 0.231370 0.052083 0.167067
0 0.629407 0.399038 0.056891 0.134615
0 0.574119 0.712139 0.117788 0.114183
0 0.665465 0.703125 0.042468 0.209135
