0 0.396635 0.176683 0.044872 0.194712
0 0.479968 0.103966 0.121795 0.051683
0 0.600962 0.126803 0.133013 0.078125
0 0.505208 0.251803 0.145032 0.066106
0 0.617788 0.280048 0.025641 0.180288
0 0.730369 0.248798 0.148237 0.048077
0 0.686298 0.323317 0.114583 0.108173
0 0.700321 0.382212 0.131410 0.050481
0 0.804087 0.343149 0.052083 0.138221
0 0.591346 0.451322 0.027244 0.116587
0 0.774439 0.748197 0.071314 0.200721
0 0.548878 0.612981 0.115385 0.132212
0 0.628606 0.668870 0.064904 0.186298
0 0.561298 0.782452 0.037660 0.216346
0 0.633013 0.931490 0.060897 0.137019
0 0.385417 0.562500 0.073718 0.192308
