0 0.301282 0.524639 0.032051 0.131010
0 0.342949 0.586538 0.089744 0.132212
0 0.391026 0.433293 0.046474 0.181490
0 0.481170 0.508413 0.109776 0.086538
0 0.461138 0.608774 0.066506 0.147837
0 0.503205 0.627404 0.089744 0.057692
0 0.527644 0.701322 0.114583 0.123798
0 0.577724 0.652644 0.078526 0.182692
0 0.575321 0.518630 0.065705 0.111779
0 0.535657 0.317308 0.088942 0.127404
0 0.613782 0.302284 0.030449 0.169471
0 0.628205 0.192909 0.067308 0.157452
0 0.625000 0.073317 0.078526 0.084135
0 0.756010 0.207933 0.077724 0.134615
0 0.739183 0.310096 0.084135 0.055288
0 0.789663 0.558293 0.100160 0.034856
0 0.733574 0.658654 0.111378 0.086538
0 0.688301 0.727764 0.118590 0.102163
0 0.655449 0.840745 0.120192 0.044471
0 0.719952 0.898438 0.076122 0.046875
