0 0.300080 0.534856 0.077724 0.074519
0 0.354968 0.618389 0.099359 0.078125
0 0.330529 0.691707 0.040865 0.162260
0 0.385817 0.781250 0.066506 0.129808
0 0.419471 0.670072 0.032853 0.174279
0 0.391026 0.545673 0.041667 0.151442
0 0.434696 0.567909 0.042468 0.106971
0 0.388622 0.490385 0.092949 0.057692
0 0.419071 0.225962 0.088141 0.093750
0 0.522035 0.302885 0.103365 0.048077
0 0.538462 0.358774 0.046474 0.104567
0 0.544071 0.436298 0.073718 0.125000
0 0.507212 0.534856 0.097756 0.122596
0 0.488381 0.596755 0.018429 0.123798
0 0.508413 0.685096 0.048878 0.168269
0 0.529247 0.911659 0.092147 0.102163
0 0.603766 0.584736 0.058494 0.181490
0 0.629407 0.445913 0.060096 0.161058
0 0.787260 0.570312 0.050481 0.181490
0 0.740785 0.612380 0.088942 0.066106
0 0.734375 0.299880 0.074519 0.126202
0 0.629006 0.227764 0.123397 0.063702
