0 0.278846 0.673678 0.024038 0.121394
0 0.302484 0.635817 0.037660 0.225962
0 0.328926 0.795673 0.090545 0.084135
0 0.378205 0.862981 0.078526 0.036058
0 0.341747 0.308894 0.040865 0.180288
0 0.377804 0.313101 0.066506 0.123798
0 0.498397 0.417067 0.088141 0.062500
0 0.570913 0.351562 0.044071 0.145433
0 0.626603 0.123197 0.064103 0.085337
0 0.587740 0.456731 0.096955 0.122596
0 0.626603 0.520433 0.048077 0.218750
0 0.552885 0.587740 0.105769 0.050481
0 0.509615 0.662861 0.107372 0.039663
0 0.653446 0.804688 0.100160 0.066106
0 0.755208 0.628005 0.108173 0.090144
0 0.734375 0.507812 0.072917 0.080529
0 0.755208 0.376803 0.117788 0.044471
0 0.677885 0.325721 0.096154 0.033654
