0 0.420272 0.127404 0.084135 0.141827
0 0.592147 0.112981 0.056090 0.177885
0 0.813702 0.281250 0.053686 0.175481
0 0.697917 0.376202 0.080128 0.091346
0 0.526442 0.317909 0.073718 0.147837
0 0.401042 0.344351 0.111378 0.051683
0 0.296474 0.380409 0.044872 0.140625
0 0.314103 0.667067 0.041667 0.192308
0 0.425881 0.899038 0.120994 0.110577
0 0.572516 0.905649 0.180288 0.068510
0 0.528846 0.742788 0.044872 0.180288
0 0.647837 0.707933 0.125801 0.045673
0 0.581330 0.590745 0.109776 0.099760
0 0.457131 0.465745 0.080929 0.135817
0 0.780849 0.597356 0.117788 0.117788
