0 0.409856 0.822115 0.093750 0.105769
0 0.412260 0.734375 0.034455 0.149038
0 0.427885 0.640625 0.129808 0.048077
0 0.333734 0.652644 0.084135 0.074519
0 0.549679 0.761418 0.062500 0.126202
0 0.423077 0.454327 0.033654 0.149038
0 0.383814 0.385216 0.035256 0.133413
0 0.362179 0.435697 0.033654 0.193510
0 0.495994 0.319712 0.084936 0.153846
0 0.400641 0.242188 0.100962 0.078125
0 0.538462 0.188101 0.125000 0.104567
0 0.702324 0.385216 0.040865 0.116587
0 0.702724 0.480769 0.056090 0.117788
0 0.656250 0.704327 0.032051 0.180288
