0 0.357372 0.809495 0.096154 0.073317
0 0.390224 0.634615 0.104167 0.134615
0 0.457131 0.649038 0.109776 0.105769
0 0.272436 0.464543 0.065705 0.155048
0 0.233974 0.488582 0.027244 0.140625
0 0.366587 0.330529 0.037660 0.127404
0 0.418269 0.250601 0.118590 0.075721
0 0.459135 0.325120 0.060897 0.111779
0 0.474359 0.384014 0.062500 0.080529
0 0.551683 0.209135 0.045673 0.134615
0 0.688301 0.432692 0.099359 0.103365
0 0.614583 0.411659 0.094551 0.070913
0 0.572516 0.446514 0.087340 0.073317
0 0.578125 0.552284 0.029647 0.176683
