0 0.214744 0.335938 0.062500 0.203125
0 0.350160 0.410457 0.104167 0.109375
0 0.431090 0.323918 0.105769 0.106971
0 0.377404 0.265625 0.113782 0.060096
0 0.484776 0.287260 0.044872 0.127404
0 0.457131 0.473558 0.034455 0.221154
0 0.403846 0.090745 0.152244 0.102163
0 0.684295 0.352163 0.054487 0.170673
0 0.604968 0.413462 0.064103 0.117788
0 0.567308 0.570913 0.073718 0.141827
0 0.487179 0.656250 0.035256 0.161058
0 0.587740 0.713942 0.164263 0.074519
0 0.713942 0.594351 0.097756 0.162260
0 0.485176 0.103966 0.028045 0.203125
