0 0.343750 0.817308 0.125000 0.173077
0 0.599359 0.887019 0.048077 0.209135
0 0.512420 0.648438 0.138622 0.085337
0 0.452724 0.516226 0.129808 0.061298
0 0.532452 0.547476 0.064904 0.162260
0 0.516026 0.427885 0.062500 0.173077
0 0.420272 0.415264 0.055288 0.210337
0 0.346554 0.361779 0.112981 0.081731
0 0.552885 0.117788 0.123397 0.115385
0 0.585737 0.075120 0.100962 0.061298
0 0.636619 0.266827 0.037660 0.211538
0 0.715946 0.320913 0.135417 0.096154
0 0.666667 0.543870 0.121795 0.075721
0 0.736779 0.631611 0.141827 0.056490
