0 0.672276 0.382212 0.086538 0.163462
0 0.699920 0.463341 0.088942 0.135817
0 0.730369 0.593750 0.063301 0.161058
0 0.634615 0.739784 0.059295 0.222356
0 0.685497 0.821514 0.088942 0.171875
0 0.544872 0.885216 0.129808 0.063702
0 0.451522 0.839543 0.101763 0.039663
0 0.550080 0.682692 0.095353 0.175481
0 0.524439 0.433894 0.088942 0.185096
0 0.469952 0.456130 0.074519 0.195913
0 0.260016 0.269231 0.053686 0.043269
0 0.245192 0.536659 0.081731 0.106971
0 0.308894 0.578726 0.130609 0.159856
0 0.327724 0.752404 0.083333 0.165865
