0 0.538862 0.080529 0.103365 0.146635
0 0.714343 0.224760 0.071314 0.165865
0 0.562901 0.280048 0.127404 0.076923
0 0.492788 0.226562 0.110577 0.080529
0 0.454327 0.320913 0.075321 0.180288
0 0.349359 0.305889 0.062500 0.145433
0 0.324119 0.476562 0.060096 0.075721
0 0.504808 0.486779 0.139423 0.052885
0 0.700721 0.436899 0.034455 0.159856
0 0.552885 0.639423 0.072115 0.158654
0 0.693510 0.719351 0.076122 0.054087
0 0.454728 0.699519 0.032853 0.204327
0 0.415465 0.773438 0.119391 0.102163
0 0.461138 0.911058 0.072917 0.137019
