0 0.433093 0.265625 0.037660 0.218750
0 0.352965 0.384014 0.101763 0.123798
0 0.407452 0.503606 0.106571 0.098558
0 0.346154 0.579928 0.083333 0.054087
0 0.368590 0.775240 0.046474 0.182692
0 0.491987 0.737981 0.102564 0.132212
0 0.586138 0.884014 0.048878 0.193510
0 0.581330 0.494591 0.080929 0.164663
0 0.638221 0.528245 0.069712 0.131010
0 0.573718 0.317308 0.110577 0.072115
0 0.517228 0.294471 0.132212 0.055288
0 0.653045 0.335938 0.025641 0.157452
0 0.752003 0.436899 0.106571 0.104567
0 0.828526 0.350962 0.150641 0.069712
