0 0.253205 0.603365 0.075321 0.146635
0 0.321715 0.422476 0.045673 0.188702
0 0.399439 0.449519 0.048878 0.185096
0 0.433093 0.325721 0.137019 0.048077
0 0.485978 0.506010 0.037660 0.168269
0 0.437099 0.656851 0.112981 0.058894
0 0.392628 0.851562 0.091346 0.056490
0 0.523638 0.868990 0.085737 0.129808
0 0.692708 0.839543 0.119391 0.087740
0 0.660256 0.774639 0.086538 0.068510
0 0.741987 0.742788 0.072115 0.100962
0 0.724760 0.658654 0.127404 0.108173
0 0.674279 0.599760 0.119391 0.067308
0 0.631811 0.570913 0.130609 0.096154
0 0.718349 0.516226 0.101763 0.106971
0 0.687901 0.430288 0.053686 0.163462
0 0.693510 0.368990 0.031250 0.141827
0 0.808894 0.424880 0.047276 0.155048
0 0.768429 0.255409 0.120192 0.082933
0 0.695913 0.230769 0.095353 0.125000
0 0.534054 0.240385 0.085737 0.081731
0 0.507612 0.158654 0.045673 0.141827
0 0.338942 0.164663 0.064103 0.120192
