0 0.445513 0.855769 0.038462 0.204327
0 0.503205 0.773438 0.133013 0.152644
0 0.520032 0.655649 0.100962 0.181490
0 0.481170 0.623197 0.109776 0.109375
0 0.597356 0.560096 0.034455 0.180288
0 0.429087 0.444111 0.100160 0.073317
0 0.687500 0.664663 0.115385 0.153846
0 0.727564 0.643630 0.086538 0.140625
0 0.695513 0.551683 0.064103 0.189904
0 0.797676 0.658654 0.044071 0.141827
0 0.710737 0.481370 0.060897 0.174279
0 0.771635 0.465144 0.073718 0.173077
0 0.784054 0.470553 0.064904 0.143029
0 0.726763 0.370793 0.080128 0.114183
0 0.647436 0.317909 0.041667 0.159856
0 0.586138 0.239784 0.085737 0.121394
0 0.527644 0.147837 0.084135 0.149038
0 0.489583 0.176082 0.051282 0.195913
0 0.524439 0.052284 0.120994 0.049279
