0 0.271234 0.197115 0.068109 0.139423
0 0.287660 0.313101 0.070513 0.070913
0 0.357372 0.358173 0.108974 0.108173
0 0.429888 0.469351 0.111378 0.049279
0 0.346554 0.477764 0.032853 0.179087
0 0.348958 0.640024 0.088942 0.121394
0 0.415865 0.622596 0.041667 0.185096
0 0.488782 0.762620 0.104167 0.092548
0 0.591747 0.784255 0.111378 0.070913
0 0.676282 0.725361 0.057692 0.171875
0 0.629006 0.603365 0.105769 0.033654
0 0.718349 0.581130 0.135417 0.070913
0 0.530449 0.337740 0.028846 0.175481
0 0.566106 0.448918 0.109776 0.087740
0 0.652244 0.371394 0.028846 0.170673
0 0.749199 0.355168 0.059295 0.181490
