0 0.205929 0.415865 0.049679 0.165865
0 0.245192 0.454327 0.052885 0.141827
0 0.342949 0.400240 0.036859 0.185096
0 0.506811 0.333534 0.111378 0.099760
0 0.445513 0.503005 0.139423 0.046875
0 0.417067 0.656250 0.068109 0.072115
0 0.408253 0.700721 0.124199 0.093750
0 0.572516 0.673678 0.021635 0.150240
0 0.668269 0.513822 0.028846 0.210337
0 0.787260 0.355769 0.039263 0.185096
0 0.620593 0.301683 0.034455 0.218750
0 0.602564 0.082933 0.089744 0.038462
0 0.530449 0.195312 0.078526 0.097356
0 0.420272 0.919471 0.060096 0.161058
0 0.548478 0.874399 0.076122 0.022837
