0 0.467548 0.282452 0.052083 0.182692
0 0.505208 0.429087 0.056891 0.161058
0 0.459936 0.484976 0.100962 0.114183
0 0.408253 0.454327 0.031250 0.192308
0 0.383814 0.472957 0.025641 0.195913
0 0.534054 0.610577 0.058494 0.093750
0 0.477965 0.670072 0.138622 0.063702
0 0.507612 0.716947 0.125801 0.054087
0 0.404647 0.809495 0.052885 0.145433
0 0.510016 0.900240 0.111378 0.100962
0 0.619792 0.745793 0.084135 0.056490
0 0.679087 0.677885 0.119391 0.074519
0 0.604567 0.558293 0.090545 0.082933
0 0.677885 0.515024 0.059295 0.131010
0 0.628606 0.531250 0.111378 0.125000
0 0.666667 0.422476 0.123397 0.133413
0 0.877003 0.567308 0.044071 0.117788
