0 0.207532 0.572716 0.076923 0.140625
0 0.215144 0.398438 0.055288 0.159856
0 0.275240 0.213942 0.061699 0.197115
0 0.311298 0.125601 0.090545 0.111779
0 0.371795 0.171875 0.128205 0.064904
0 0.322516 0.251803 0.103365 0.056490
0 0.322516 0.287260 0.076122 0.149038
0 0.337340 0.621394 0.056090 0.168269
0 0.320112 0.614183 0.039263 0.153846
0 0.451122 0.898438 0.036859 0.104567
0 0.496394 0.836538 0.082532 0.127404
0 0.476362 0.668269 0.026442 0.209135
0 0.518429 0.605168 0.048077 0.109375
0 0.520433 0.493389 0.084135 0.150240
0 0.457532 0.542067 0.097756 0.137019
0 0.558093 0.493389 0.024840 0.131010
0 0.536058 0.070312 0.028846 0.138221
0 0.654247 0.268630 0.028045 0.118990
0 0.611378 0.572115 0.019231 0.110577
0 0.661058 0.603365 0.131410 0.079327
0 0.590545 0.744591 0.062500 0.152644
