0 0.277644 0.626202 0.079327 0.036058
0 0.307692 0.715745 0.108974 0.087740
0 0.375801 0.699519 0.113782 0.134615
0 0.390224 0.748197 0.086538 0.121394
0 0.401042 0.814303 0.132212 0.046875
0 0.399439 0.908053 0.130609 0.131010
0 0.508013 0.911659 0.112179 0.085337
0 0.647837 0.788462 0.130609 0.062500
0 0.633413 0.645433 0.072917 0.086538
0 0.649840 0.603966 0.118590 0.073317
0 0.693910 0.575721 0.110577 0.096154
0 0.447917 0.510817 0.102564 0.064904
0 0.436699 0.385216 0.068910 0.087740
0 0.518029 0.450721 0.116186 0.098558
0 0.538061 0.399038 0.053686 0.117788
0 0.596554 0.390625 0.044071 0.132212
0 0.473157 0.244591 0.100160 0.085337
0 0.588141 0.243990 0.086538 0.139423
0 0.600561 0.247596 0.077724 0.125000
0 0.632212 0.246394 0.065705 0.175481
0 0.713942 0.316707 0.057692 0.138221
