0 0.716747 0.271034 0.095353 0.116587
0 0.590144 0.147236 0.103365 0.061298
0 0.528846 0.241587 0.043269 0.158654
0 0.629808 0.383413 0.102564 0.168269
0 0.482372 0.165865 0.110577 0.108173
0 0.425481 0.155649 0.041667 0.150240
0 0.375000 0.128606 0.088141 0.115385
0 0.275641 0.259014 0.133013 0.070913
0 0.565304 0.429087 0.036058 0.156250
0 0.633013 0.491587 0.081731 0.043269
0 0.696715 0.534856 0.104968 0.096154
0 0.423478 0.414663 0.045673 0.120192
0 0.381010 0.397837 0.036058 0.108173
0 0.498397 0.592548 0.040064 0.185096
0 0.663462 0.752404 0.040064 0.216346
0 0.632612 0.825721 0.101763 0.120192
0 0.609776 0.885817 0.136218 0.036058
0 0.586538 0.905649 0.096154 0.042067
0 0.566106 0.814904 0.117788 0.098558
0 0.477564 0.823918 0.072115 0.176683
0 0.502404 0.730769 0.112179 0.048077
0 0.507212 0.716346 0.105769 0.072115
0 0.425080 0.695913 0.050481 0.103365
0 0.395433 0.839543 0.039263 0.169471
0 0.372596 0.659856 0.108974 0.045673
0 0.333333 0.637019 0.096154 0.060096
0 0.305288 0.590144 0.129808 0.052885
0 0.343349 0.505409 0.092147 0.099760
0 0.290465 0.476562 0.056891 0.104567
