0 0.276442 0.724760 0.086538 0.067308
0 0.366587 0.665865 0.032853 0.151442
0 0.553686 0.607572 0.097756 0.087740
0 0.468750 0.667668 0.123397 0.046875
0 0.437901 0.731971 0.117788 0.079327
0 0.491186 0.848558 0.065705 0.144231
0 0.567308 0.754808 0.088141 0.141827
0 0.650641 0.557692 0.107372 0.084135
0 0.699519 0.653245 0.065705 0.167067
0 0.738782 0.567308 0.107372 0.141827
0 0.770433 0.559495 0.114583 0.111779
0 0.676282 0.482572 0.059295 0.116587
0 0.660256 0.453726 0.126603 0.099760
0 0.612580 0.434495 0.133814 0.054087
0 0.522035 0.337740 0.063301 0.175481
0 0.507612 0.248798 0.100160 0.146635
0 0.414663 0.207332 0.076122 0.121394
0 0.395032 0.367188 0.070513 0.147837
0 0.365385 0.416466 0.032051 0.174279
0 0.740385 0.356971 0.131410 0.093750
0 0.635016 0.164663 0.026442 0.170673
