0 0.313702 0.640024 0.135417 0.042067
0 0.354968 0.615385 0.113782 0.050481
0 0.426282 0.378005 0.099359 0.181490
0 0.385016 0.312500 0.108173 0.033654
0 0.444712 0.185697 0.097756 0.042067
0 0.495994 0.121394 0.107372 0.112981
0 0.499199 0.299880 0.072115 0.176683
0 0.605369 0.357572 0.096955 0.099760
0 0.616587 0.459736 0.138622 0.061298
0 0.709135 0.408654 0.116987 0.110577
0 0.739984 0.433894 0.106571 0.122596
0 0.798077 0.622596 0.046474 0.237981
0 0.725962 0.691707 0.032051 0.224760
0 0.644631 0.703125 0.114583 0.132212
0 0.567308 0.716947 0.102564 0.121394
0 0.541667 0.630409 0.110577 0.039663
0 0.584135 0.868389 0.123397 0.078125
0 0.787660 0.981370 0.046474 0.037260
0 0.716346 0.221755 0.094551 0.090144
0 0.636619 0.107572 0.130609 0.046875
