0 0.368990 0.283654 0.050481 0.067308
0 0.410657 0.268029 0.085737 0.129808
0 0.569311 0.175481 0.068109 0.086538
0 0.562099 0.245793 0.119391 0.070913
0 0.658654 0.141226 0.062500 0.114183
0 0.708734 0.266226 0.060096 0.099760
0 0.717147 0.323918 0.083333 0.145433
0 0.779247 0.344351 0.029647 0.188702
0 0.542869 0.397236 0.104968 0.138221
0 0.485176 0.408053 0.129006 0.063702
0 0.411058 0.528245 0.043269 0.155048
0 0.485978 0.650841 0.029647 0.198317
0 0.426683 0.819111 0.055288 0.157452
0 0.460737 0.773438 0.110577 0.155048
0 0.494792 0.834736 0.047276 0.159856
0 0.521234 0.784255 0.047276 0.162260
0 0.527644 0.678486 0.026442 0.217548
0 0.598157 0.695312 0.138622 0.133413
0 0.640625 0.638822 0.063301 0.150240
