0 0.348958 0.729567 0.079327 0.168269
0 0.390224 0.635817 0.161859 0.060096
0 0.404247 0.696514 0.141827 0.056490
0 0.532051 0.789062 0.078526 0.162260
0 0.504407 0.894231 0.116186 0.125000
0 0.348958 0.252404 0.066506 0.206731
0 0.269231 0.065505 0.027244 0.128606
0 0.466346 0.209135 0.147436 0.110577
0 0.518029 0.150240 0.125801 0.062500
0 0.544471 0.241587 0.109776 0.151442
0 0.627404 0.192909 0.044872 0.183894
0 0.609375 0.057091 0.135417 0.082933
0 0.506410 0.358774 0.134615 0.044471
0 0.633013 0.350361 0.128205 0.049279
0 0.619391 0.409856 0.118590 0.064904
0 0.696715 0.394231 0.162660 0.050481
0 0.593750 0.458534 0.102564 0.054087
0 0.668670 0.498798 0.129006 0.093750
0 0.734776 0.569712 0.033654 0.175481
0 0.794071 0.697115 0.120192 0.146635
0 0.814103 0.587740 0.145833 0.079327
0 0.840144 0.488582 0.120994 0.111779
0 0.868189 0.335938 0.076122 0.207933
0 0.802484 0.237981 0.055288 0.168269
0 0.718349 0.211538 0.100160 0.192308
0 0.754407 0.174279 0.084135 0.139423
0 0.796875 0.180889 0.080929 0.174279
