0 0.282853 0.374399 0.064103 0.159856
0 0.290064 0.526442 0.062500 0.197115
0 0.350561 0.637019 0.077724 0.096154
0 0.452724 0.471755 0.064103 0.186298
0 0.546875 0.461538 0.093750 0.175481
0 0.610176 0.690505 0.082532 0.155048
0 0.632612 0.439303 0.098558 0.186298
0 0.689904 0.623197 0.141026 0.099760
0 0.681490 0.709736 0.119391 0.049279
0 0.750801 0.758413 0.067308 0.206731
0 0.580929 0.204327 0.121795 0.129808
0 0.680288 0.249399 0.113782 0.104567
0 0.596154 0.141226 0.120192 0.085337
0 0.818510 0.382212 0.031250 0.242788
0 0.833333 0.317909 0.040064 0.186298
