0 0.307292 0.404447 0.048878 0.210337
0 0.269631 0.404447 0.039263 0.164663
0 0.300080 0.272837 0.024840 0.081731
0 0.481971 0.190505 0.053686 0.195913
0 0.443510 0.376803 0.040865 0.186298
0 0.479968 0.346154 0.028846 0.146635
0 0.435497 0.626202 0.122596 0.112981
0 0.535657 0.917668 0.034455 0.164663
0 0.654247 0.758413 0.044071 0.168269
0 0.702324 0.771034 0.047276 0.145433
0 0.756010 0.756611 0.052083 0.121394
0 0.649840 0.603966 0.041667 0.236779
0 0.673478 0.501803 0.042468 0.183894
0 0.839744 0.527644 0.072115 0.175481
