0 0.516026 0.143630 0.131410 0.118990
0 0.457933 0.266827 0.106571 0.105769
0 0.452724 0.418269 0.115385 0.055288
0 0.370994 0.519832 0.038462 0.205529
0 0.336939 0.575721 0.060096 0.206731
0 0.368189 0.744591 0.079327 0.164663
0 0.391827 0.656851 0.046474 0.183894
0 0.467147 0.628005 0.136218 0.054087
0 0.690705 0.845553 0.126603 0.054087
0 0.671875 0.659255 0.122596 0.102163
0 0.715144 0.645433 0.087340 0.120192
0 0.630609 0.381010 0.096154 0.088942
0 0.662660 0.334736 0.126603 0.092548
0 0.813301 0.325721 0.068910 0.144231
0 0.765625 0.249399 0.104968 0.155048
