0 0.372196 0.677885 0.074519 0.137019
0 0.387019 0.510817 0.049679 0.112981
0 0.428285 0.480769 0.108173 0.103365
0 0.304487 0.363582 0.041667 0.097356
0 0.438702 0.268630 0.032853 0.131010
0 0.546074 0.287861 0.039263 0.179087
0 0.608574 0.216947 0.112981 0.037260
0 0.506010 0.114784 0.072917 0.054087
0 0.628205 0.335938 0.019231 0.143029
0 0.709535 0.388221 0.026442 0.156250
0 0.792468 0.256611 0.088141 0.102163
0 0.822516 0.494591 0.034455 0.143029
0 0.778446 0.668269 0.092147 0.086538
0 0.678285 0.770433 0.040865 0.175481
0 0.592147 0.578125 0.043269 0.199519
0 0.560497 0.560096 0.036058 0.182692
