0 0.453926 0.076923 0.129006 0.069712
0 0.390224 0.099760 0.092949 0.103365
0 0.410657 0.130409 0.112981 0.080529
0 0.510417 0.144231 0.131410 0.064904
0 0.413462 0.245192 0.115385 0.088942
0 0.486779 0.300481 0.100160 0.086538
0 0.431891 0.371394 0.125000 0.141827
0 0.330929 0.658053 0.030449 0.179087
0 0.381410 0.669471 0.088141 0.134615
0 0.390625 0.637620 0.084135 0.111779
0 0.437099 0.688702 0.088942 0.180288
0 0.542468 0.910457 0.150641 0.063702
0 0.644631 0.836538 0.028045 0.177885
0 0.675080 0.706731 0.082532 0.137019
0 0.778045 0.567909 0.133013 0.102163
0 0.698317 0.415865 0.138622 0.050481
0 0.179487 0.808293 0.041667 0.056490
