0 0.308494 0.382812 0.078526 0.145433
0 0.306090 0.531250 0.025641 0.180288
0 0.308494 0.661058 0.033654 0.098558
0 0.366987 0.818510 0.139423 0.125000
0 0.447516 0.756010 0.052083 0.192308
0 0.375401 0.395433 0.082532 0.057692
0 0.391026 0.271034 0.091346 0.068510
0 0.411859 0.323918 0.126603 0.042067
0 0.493590 0.382812 0.046474 0.118990
0 0.444311 0.256611 0.048878 0.128606
0 0.504006 0.223558 0.049679 0.180288
0 0.602564 0.239183 0.065705 0.151442
0 0.569311 0.403245 0.082532 0.054087
0 0.672276 0.430288 0.100962 0.055288
0 0.709535 0.474159 0.103365 0.102163
0 0.718750 0.526442 0.086538 0.173077
0 0.675481 0.803486 0.112179 0.078125
