0 0.230769 0.527644 0.065705 0.170673
0 0.352163 0.601562 0.082532 0.164663
0 0.377003 0.523438 0.069712 0.157452
0 0.336538 0.344351 0.118590 0.066106
0 0.345353 0.219952 0.113782 0.074519
0 0.514423 0.242788 0.059295 0.197115
0 0.550080 0.369591 0.098558 0.121394
0 0.539663 0.426082 0.108173 0.056490
0 0.639022 0.542668 0.095353 0.109375
0 0.482372 0.593149 0.108974 0.143029
0 0.475160 0.636418 0.108974 0.128606
0 0.499199 0.688702 0.123397 0.096154
0 0.613381 0.726562 0.044071 0.188702
0 0.391026 0.822716 0.062500 0.128606
0 0.747997 0.429688 0.034455 0.183894
