0 0.409856 0.209736 0.066506 0.157452
0 0.336939 0.400240 0.034455 0.168269
0 0.387821 0.518630 0.108974 0.114183
0 0.360176 0.683894 0.069712 0.211538
0 0.396635 0.840144 0.145833 0.137019
0 0.669471 0.908053 0.130609 0.164663
0 0.598958 0.724760 0.124199 0.048077
0 0.659455 0.664062 0.133013 0.099760
0 0.620994 0.614183 0.137821 0.151442
0 0.578926 0.439904 0.125801 0.081731
0 0.622196 0.390024 0.137019 0.056490
0 0.610176 0.246995 0.141827 0.104567
0 0.753205 0.421274 0.118590 0.056490
0 0.767228 0.534255 0.047276 0.222356
0 0.729567 0.675481 0.098558 0.211538
