0 0.284856 0.438702 0.047276 0.194712
0 0.343349 0.518630 0.101763 0.090144
0 0.469952 0.484375 0.122596 0.158654
0 0.405449 0.589543 0.142628 0.097356
0 0.523237 0.384615 0.141026 0.072115
0 0.581330 0.509014 0.087340 0.140625
0 0.556090 0.631611 0.043269 0.219952
0 0.518830 0.576923 0.037660 0.216346
0 0.473157 0.720553 0.135417 0.087740
0 0.593750 0.672476 0.084936 0.212740
0 0.350962 0.772837 0.086538 0.209135
0 0.465144 0.873798 0.156250 0.055288
0 0.666266 0.873197 0.069712 0.179087
0 0.762420 0.709135 0.133814 0.088942
0 0.667067 0.450120 0.045673 0.224760
0 0.646234 0.240986 0.061699 0.191106
0 0.665064 0.198918 0.104167 0.188702
0 0.551282 0.203726 0.134615 0.116587
0 0.433093 0.098558 0.079327 0.117788
