0 0.272436 0.329928 0.105769 0.150240
0 0.302484 0.429688 0.101763 0.140625
0 0.338942 0.212740 0.084936 0.115385
0 0.389022 0.296274 0.124199 0.066106
0 0.412260 0.479567 0.072917 0.175481
0 0.369792 0.665865 0.132212 0.067308
0 0.336538 0.763822 0.075321 0.222356
0 0.287260 0.768630 0.064904 0.131010
0 0.461138 0.817308 0.036058 0.199519
0 0.504808 0.935096 0.110577 0.045673
0 0.604167 0.906250 0.153846 0.062500
0 0.608974 0.822115 0.091346 0.091346
0 0.633013 0.594952 0.092949 0.072115
0 0.508013 0.335938 0.044872 0.143029
0 0.528446 0.423678 0.034455 0.188702
0 0.715946 0.285457 0.036058 0.215144
0 0.544471 0.144832 0.129006 0.044471
