0 0.266026 0.604567 0.059295 0.134615
0 0.311298 0.617188 0.031250 0.164663
0 0.356571 0.587139 0.102564 0.155048
0 0.300881 0.479567 0.082532 0.158654
0 0.389423 0.379207 0.125000 0.061298
0 0.423878 0.196514 0.027244 0.157452
0 0.502804 0.173678 0.124199 0.090144
0 0.508413 0.526442 0.048878 0.115385
0 0.563702 0.427284 0.031250 0.212740
0 0.653846 0.373197 0.125000 0.082933
0 0.689503 0.451322 0.116186 0.131010
0 0.663862 0.197716 0.071314 0.143029
0 0.678686 0.725361 0.040064 0.183894
0 0.392628 0.791466 0.092949 0.094952
