0 0.236378 0.430288 0.054487 0.153846
0 0.289663 0.552885 0.140224 0.043269
0 0.249599 0.593149 0.088942 0.032452
0 0.364183 0.691707 0.048878 0.212740
0 0.401042 0.826923 0.040865 0.180288
0 0.438301 0.849760 0.051282 0.189904
0 0.580929 0.771635 0.056090 0.177885
0 0.527644 0.595553 0.034455 0.157452
0 0.572115 0.615986 0.059295 0.140625
0 0.621795 0.563702 0.110577 0.062500
0 0.393029 0.469952 0.114583 0.088942
0 0.359776 0.340144 0.123397 0.084135
0 0.362580 0.259615 0.145032 0.057692
0 0.477564 0.152644 0.084936 0.064904
0 0.608173 0.252404 0.100962 0.151442
0 0.779647 0.445312 0.044872 0.150240
0 0.749199 0.456130 0.068910 0.056490
0 0.728365 0.562500 0.065705 0.173077
0 0.683894 0.522236 0.018429 0.135817
0 0.682692 0.741587 0.060897 0.127404
0 0.728365 0.698918 0.052885 0.126202
