0 0.558894 0.094952 0.117788 0.038462
0 0.665465 0.156851 0.028045 0.094952
0 0.674679 0.242788 0.139423 0.045673
0 0.446314 0.255409 0.121795 0.042067
0 0.754407 0.386418 0.111378 0.097356
0 0.743990 0.618389 0.048878 0.234375
0 0.785256 0.635817 0.049679 0.206731
0 0.634615 0.678486 0.134615 0.056490
0 0.449519 0.871995 0.120192 0.061298
0 0.406250 0.823918 0.126603 0.094952
0 0.417468 0.782452 0.108974 0.036058
0 0.463942 0.811899 0.133013 0.051683
0 0.585737 0.493990 0.033654 0.175481
0 0.535256 0.554087 0.041667 0.245192
0 0.336538 0.605769 0.081731 0.161058
0 0.417869 0.539663 0.063301 0.105769
0 0.447516 0.415264 0.063301 0.183894
0 0.330929 0.391827 0.080128 0.112981
