0 0.352163 0.385817 0.116186 0.103365
0 0.409455 0.450120 0.051282 0.159856
0 0.494391 0.487981 0.060897 0.149038
0 0.364183 0.569111 0.129006 0.054087
0 0.469151 0.326322 0.116186 0.109375
0 0.556490 0.420072 0.064904 0.164663
0 0.611378 0.441707 0.100962 0.121394
0 0.610577 0.260817 0.036859 0.194712
0 0.678686 0.590745 0.092949 0.044471
0 0.786458 0.552284 0.063301 0.188702
0 0.836138 0.572115 0.034455 0.192308
0 0.739984 0.711538 0.079327 0.209135
0 0.688702 0.784856 0.036058 0.165865
0 0.539263 0.809495 0.056090 0.195913
0 0.443910 0.756611 0.097756 0.181490
