0 0.305689 0.742188 0.050481 0.164663
0 0.371795 0.858774 0.118590 0.109375
0 0.590946 0.748197 0.088942 0.150240
0 0.272035 0.496394 0.141827 0.086538
0 0.362179 0.393029 0.036859 0.170673
0 0.447917 0.364183 0.027244 0.158654
0 0.517228 0.404447 0.080929 0.159856
0 0.526442 0.371394 0.088141 0.141827
0 0.598157 0.445312 0.047276 0.150240
0 0.595753 0.270433 0.066506 0.194712
0 0.622196 0.267428 0.076122 0.147837
0 0.366186 0.143029 0.104167 0.048077
0 0.641426 0.502404 0.026442 0.209135
0 0.673478 0.490986 0.034455 0.191106
0 0.727163 0.760817 0.090545 0.031250
