0 0.631010 0.173678 0.042468 0.215144
0 0.830529 0.312500 0.060096 0.151442
0 0.694311 0.450721 0.020032 0.192308
0 0.635817 0.360577 0.053686 0.177885
0 0.662260 0.521034 0.087340 0.126202
0 0.697516 0.646034 0.125801 0.039663
0 0.607372 0.665865 0.113782 0.036058
0 0.671875 0.765625 0.060096 0.055288
0 0.634215 0.870192 0.063301 0.185096
0 0.554888 0.858774 0.079327 0.169471
0 0.483173 0.716947 0.051282 0.111779
0 0.466747 0.753606 0.048878 0.096154
0 0.463942 0.793269 0.051282 0.132212
0 0.411058 0.866587 0.107372 0.052885
0 0.356971 0.748197 0.029647 0.157452
0 0.309696 0.681490 0.042468 0.252404
0 0.381811 0.601562 0.058494 0.061298
0 0.453526 0.576923 0.150641 0.057692
0 0.340144 0.458534 0.060096 0.147837
0 0.459135 0.451322 0.078526 0.061298
0 0.561298 0.459135 0.111378 0.050481
0 0.534054 0.378005 0.047276 0.128606
0 0.527644 0.312500 0.114583 0.052885
0 0.411058 0.212139 0.084936 0.159856
0 0.366587 0.256611 0.082532 0.169471
0 0.326923 0.216346 0.033654 0.187500
0 0.564904 0.542067 0.048077 0.180288
