0 0.209535 0.596154 0.101763 0.117788
0 0.299679 0.555288 0.126603 0.081731
0 0.320112 0.594952 0.103365 0.043269
0 0.270433 0.501803 0.095353 0.046875
0 0.345353 0.703125 0.033654 0.185096
0 0.414263 0.673077 0.035256 0.201923
0 0.375801 0.487981 0.107372 0.069712
0 0.368189 0.322115 0.109776 0.117788
0 0.327724 0.345553 0.032051 0.164663
0 0.255208 0.340144 0.032853 0.194712
0 0.345353 0.228966 0.120192 0.111779
0 0.477965 0.265024 0.052083 0.111779
0 0.432692 0.426683 0.040064 0.180288
0 0.471955 0.584736 0.052885 0.174279
0 0.511218 0.669471 0.097756 0.110577
0 0.511218 0.799279 0.080128 0.137019
0 0.587740 0.356370 0.071314 0.099760
0 0.537260 0.303486 0.095353 0.051683
0 0.609776 0.288462 0.081731 0.132212
0 0.520032 0.100361 0.088141 0.186298
